EigenSkill-Q C++ quant kernel benchmark
paths: fp32 GEMV, AVX2 fp32 GEMV when available, packed INT4/INT3/mixed-bit dequant GEMV, INT4 maddubs GEMV, selected-row GEMV, scalar bypass
avx2=enabled
iters=100 warmup=10 seed=20260604

     d    rows    dense_ms     davx_ms     int4_ms    i4mad_ms     int3_ms      mix_ms      sel_ms   selavx_ms    i4sel_ms   i4mads_ms   mixsel_ms   scalar_ms      davx_x      int4_x     i4mad_x      int3_x       mix_x       sel_x    selavx_x     i4sel_x    i4mads_x    mixsel_x    scalar_x     davx_err     int4_err    i4mad_err     int3_err      mix_err      sel_err   selavx_err    i4sel_err   i4mads_err   mixsel_err
   512      16    0.165278    0.019061    0.030195    0.014930    0.847711    0.850213    0.005267    0.000560    0.000731    0.002036    0.038526    0.000034        8.67        5.47       11.07        0.19        0.19       31.38      295.32      226.10       81.16        4.29     4851.13    4.447e-07    1.349e-01    1.350e-01    3.051e-01    1.671e-01    0.000e+00    5.210e-07    0.000e+00    0.000e+00    0.000e+00
   512      64    0.157312    0.018603    0.023060    0.018042    0.937732    0.979701    0.021356    0.002197    0.003108    0.002776    0.121560    0.000032        8.46        6.82        8.72        0.17        0.16        7.37       71.59       50.61       56.67        1.29     4922.14    4.388e-07    1.227e-01    1.230e-01    3.033e-01    1.797e-01    0.000e+00    3.885e-07    0.000e+00    0.000e+00    0.000e+00
   512     256    0.159437    0.016841    0.022486    0.011703    0.735154    0.857611    0.078009    0.009393    0.010745    0.006244    0.425348    0.000033        9.47        7.09       13.62        0.22        0.19        2.04       16.97       14.84       25.54        0.37     4896.71    4.153e-07    1.385e-01    1.387e-01    2.883e-01    1.827e-01    0.000e+00    4.094e-07    0.000e+00    0.000e+00    0.000e+00
  1024      16    0.670405    0.069489    0.088429    0.037644    2.951410    3.145009    0.010120    0.001022    0.001373    0.003748    0.072681    0.000059        9.65        7.58       17.81        0.23        0.21       66.25      655.88      488.31      178.89        9.22    11339.73    6.446e-07    1.408e-01    1.412e-01    3.312e-01    1.884e-01    0.000e+00    4.732e-07    0.000e+00    0.000e+00    0.000e+00
  1024      64    0.670288    0.066309    0.110356    0.048174    3.465002    3.622184    0.042699    0.004389    0.005727    0.005562    0.319561    0.000061       10.11        6.07       13.91        0.19        0.19       15.70      152.73      117.04      120.51        2.10    11020.85    5.870e-07    1.388e-01    1.389e-01    3.251e-01    1.871e-01    0.000e+00    4.894e-07    0.000e+00    0.000e+00    0.000e+00
  1024     256    0.687278    0.063945    0.088518    0.036494    2.955336    3.413472    0.170134    0.020057    0.022398    0.011346    0.850409    0.000059       10.75        7.76       18.83        0.23        0.20        4.04       34.27       30.68       60.57        0.81    11706.31    5.484e-07    1.346e-01    1.348e-01    3.107e-01    1.792e-01    0.000e+00    5.634e-07    0.000e+00    0.000e+00    0.000e+00
  2048      16    2.826656    0.478891    0.353112    0.135709   11.717793   12.710662    0.020562    0.002321    0.002600    0.007237    0.152521    0.000111        5.90        8.00       20.83        0.24        0.22      137.47     1217.64     1087.24      390.60       18.53    25371.66    8.199e-07    1.467e-01    1.466e-01    3.492e-01    1.973e-01    0.000e+00    6.201e-07    0.000e+00    0.000e+00    0.000e+00
  2048      64    2.726324    0.425605    0.418745    0.141131   11.998172   12.810401    0.085549    0.010700    0.011114    0.010469    0.566997    0.000113        6.41        6.51       19.32        0.23        0.21       31.87      254.79      245.31      260.41        4.81    24037.42    8.862e-07    1.475e-01    1.475e-01    3.439e-01    1.909e-01    0.000e+00    8.594e-07    0.000e+00    0.000e+00    0.000e+00
  2048     256    2.658790    0.326892    0.337600    0.123500   11.746340   13.077104    0.340672    0.045123    0.046568    0.023170    2.254616    0.000117        8.13        7.88       21.53        0.23        0.20        7.80       58.92       57.09      114.75        1.18    22720.82    8.407e-07    1.450e-01    1.451e-01    3.540e-01    1.996e-01    0.000e+00    8.777e-07    0.000e+00    0.000e+00    0.000e+00
