EigenSkill-Q C++ quant kernel benchmark
paths: fp32 GEMV, AVX2 fp32 GEMV when available, packed INT4/INT3/mixed-bit dequant GEMV, selected-row GEMV, scalar bypass
avx2=enabled
iters=120 warmup=20 seed=20260604

     d    rows    dense_ms     davx_ms     int4_ms     int3_ms      mix_ms      sel_ms   selavx_ms   mixsel_ms   scalar_ms      davx_x      int4_x      int3_x       mix_x       sel_x    selavx_x    mixsel_x    scalar_x     davx_err     int4_err     int3_err      mix_err      sel_err   selavx_err   mixsel_err
   512      16    0.148047    0.014836    0.787201    0.686285    0.736325    0.004548    0.000489    0.034549    0.000020        9.98        0.19        0.22        0.20       32.55      302.60        4.29     7236.53    4.447e-07    1.349e-01    3.051e-01    1.671e-01    0.000e+00    5.210e-07    0.000e+00
   512      64    0.151179    0.015779    0.776682    0.693563    0.772919    0.019147    0.002009    0.115502    0.000022        9.58        0.19        0.22        0.20        7.90       75.26        1.31     6832.96    4.388e-07    1.227e-01    3.033e-01    1.797e-01    0.000e+00    3.885e-07    0.000e+00
   512     256    0.147531    0.014671    0.787519    0.681412    0.766433    0.072632    0.010533    0.396206    0.000022       10.06        0.19        0.22        0.19        2.03       14.01        0.37     6693.28    4.153e-07    1.385e-01    2.883e-01    1.827e-01    0.000e+00    4.094e-07    0.000e+00
  1024      16    0.617389    0.062646    3.103859    2.759612    3.100073    0.009463    0.000979    0.073185    0.000035        9.86        0.20        0.22        0.20       65.24      630.46        8.44    17522.88    6.446e-07    1.408e-01    3.312e-01    1.884e-01    0.000e+00    4.732e-07    0.000e+00
  1024      64    0.616316    0.062169    3.001816    2.670326    2.921726    0.041721    0.004451    0.275753    0.000034        9.91        0.21        0.23        0.21       14.77      138.46        2.24    18140.29    5.870e-07    1.388e-01    3.251e-01    1.871e-01    0.000e+00    4.894e-07    0.000e+00
  1024     256    0.616601    0.061921    3.152290    2.790759    3.017988    0.155618    0.018663    0.827581    0.000034        9.96        0.20        0.22        0.20        3.96       33.04        0.75    18060.07    5.484e-07    1.346e-01    3.107e-01    1.792e-01    0.000e+00    5.634e-07    0.000e+00
  2048      16    2.554907    0.303719   12.816827   11.020435   11.888089    0.020242    0.002909    0.145753    0.000072        8.41        0.20        0.23        0.21      126.22      878.42       17.53    35538.29    8.199e-07    1.467e-01    3.492e-01    1.973e-01    0.000e+00    6.201e-07    0.000e+00
  2048      64    2.542355    0.312560   12.716784   10.809848   12.404310    0.079488    0.009719    0.571232    0.000073        8.13        0.20        0.24        0.20       31.98      261.60        4.45    34802.95    8.862e-07    1.475e-01    3.439e-01    1.909e-01    0.000e+00    8.594e-07    0.000e+00
  2048     256    2.549459    0.310963   12.765293   11.169529   12.112121    0.316976    0.042327    1.893797    0.000070        8.20        0.20        0.23        0.21        8.04       60.23        1.35    36568.86    8.407e-07    1.450e-01    3.540e-01    1.996e-01    0.000e+00    8.777e-07    0.000e+00
