EigenSkill-Q C++ quant kernel benchmark
paths: fp32 dense GEMV, packed int4 dequant GEMV, selected-row GEMV, scalar bypass
iters=200 warmup=20 seed=20260604

     d    rows    dense_ms     int4_ms      sel_ms   scalar_ms      int4_x       sel_x    scalar_x     int4_err      sel_err
   512      16    0.151746    0.229690    0.004738    0.000027        0.66       32.03     5620.20    1.349e-01    0.000e+00
   512      64    0.150399    0.228998    0.019004    0.000014        0.66        7.91    10372.34    1.227e-01    0.000e+00
   512     256    0.150274    0.228891    0.077941    0.000014        0.66        1.93    10733.86    1.385e-01    0.000e+00
  1024      16    0.651000    0.894527    0.010067    0.000027        0.73       64.67    24111.13    1.408e-01    0.000e+00
  1024      64    0.635007    0.922395    0.041086    0.000027        0.69       15.46    23091.15    1.388e-01    0.000e+00
  1024     256    0.706964    0.939596    0.165332    0.000028        0.75        4.28    25248.73    1.346e-01    0.000e+00
  2048      16    2.748290    3.712570    0.020900    0.000055        0.74      131.50    49968.91    1.500e-01    0.000e+00
  2048      64    2.673059    4.840225    0.082699    0.000059        0.55       32.32    45306.09    1.534e-01    0.000e+00
  2048     256    2.610602    4.688614    0.323324    0.000069        0.56        8.07    37834.81    1.450e-01    0.000e+00
